%YAML:1.0
---
camera_matrix: !!opencv-matrix
   rows: 3
   cols: 3
   dt: d
   data: [ 706.284687699708, 0., 330.7387366653935, 0.,
       705.63248740549784, 256.13461661885293, 0., 0., 1. ]
dist_coeff: !!opencv-matrix
   rows: 1
   cols: 5
   dt: d
   data: [ 0.070059327736154073, -0.32624784677090973,
       0.00067525547480153027, 0.0040456244886349227, 3.1427106642403322 ]
